| Run on Tue Jan  7 14:22:48 2025
idecomp = 2: Per-residue decomp adding 1-4 interactions to EEL and VDW.
Energy Decomposition Analysis (All units kcal/mol): Poisson Boltzmann model

Complex:
Total Energy Decomposition:
Residue,Internal,,,van der Waals,,,Electrostatic,,,Polar Solvation,,,Non-Polar Solv.,,,TOTAL,,
,Avg.,Std. Dev.,Std. Err. of Mean,Avg.,Std. Dev.,Std. Err. of Mean,Avg.,Std. Dev.,Std. Err. of Mean,Avg.,Std. Dev.,Std. Err. of Mean,Avg.,Std. Dev.,Std. Err. of Mean,Avg.,Std. Dev.,Std. Err. of Mean
R:A:GLN:19,23.413035964035963,2.9080178828024077,0.09191365451776894,-6.0197382617382615,1.7112803250997488,0.05408839798216642,-44.759255744255746,4.314736854132481,0.13637578877735013,-4.8562607392607395,2.38796840595499,0.07547646263192113,0.0,0.0,0.0,-32.22221878121878,5.975315521880027,0.1888616606385775
R:A:LYS:22,26.093062937062935,2.915542154211114,0.09215147399159256,-8.652082917082918,1.4844760378702215,0.046919800078127995,3.8144705294705292,12.690195889412777,0.4010987303895997,-43.944426573426576,11.168872092071075,0.35301428402306867,0.0,0.0,0.0,-22.688976023976025,17.218851026729567,0.5442358294367096
R:A:PHE:24,28.60867332667333,3.012975313197883,0.0952310416127705,1.0870789210789211,1.8524801693910917,0.05855129822184803,2.5129130869130867,1.3990853725055532,0.044220859276633676,-1.71588011988012,0.48455449699061903,0.01531530287169601,0.0,0.0,0.0,30.49278521478522,3.834310362508487,0.12119095967658905
R:A:ASP:49,25.034918081918082,2.3858730241141335,0.07541023394614095,-3.7769250749250753,1.1526503496516485,0.03643179316200437,-76.21076423576424,8.221921460331506,0.2598700830026803,-34.985936063936066,8.882161293214025,0.28073826825605025,0.0,0.0,0.0,-89.9387072927073,12.390067580698533,0.3916125818203965
R:A:VAL:51,18.29054345654346,2.4485600486913923,0.07739158129404257,-4.083105894105894,1.305095750455639,0.041250131448431225,4.286006993006993,1.9387900309643853,0.06127929203682389,0.3026353646353646,0.8595932627299735,0.027169144537799592,0.0,0.0,0.0,18.796079920079922,3.4923528732650437,0.11038271715787508
R:A:MET:53,21.39525774225774,2.759834099225395,0.08723001306928241,-7.002014985014985,1.2746201999502063,0.04028689142265264,7.725305694305694,1.8026081926368194,0.056974995796536615,-2.6740729270729275,0.9211075586172236,0.029113425476896104,0.0,0.0,0.0,19.44447552447552,3.6522837157142534,0.1154376476266817
R:A:ARG:62,31.825676323676323,3.995780789409231,0.1262945517558404,-6.933964035964037,1.455785387209146,0.04601297534078807,-206.4814085914086,7.898783463779624,0.24965666775778794,-53.96585814185814,6.807704165858436,0.21517094941551454,0.0,0.0,0.0,-235.55555444555444,11.261491527686209,0.3559417044000563
R:A:PHE:64,29.598729270729272,3.017027982598866,0.09535913424156744,0.5753216783216784,1.78628831281042,0.05645917372920819,2.922967032967033,1.2754511273795457,0.040313154526852,-0.6320719280719281,0.5541880388809741,0.01751620863297381,0.0,0.0,0.0,32.46494605394605,3.771893920173283,0.11921816461540544
R:A:PHE:66,29.398805194805192,2.929220889245977,0.09258381745607734,1.3408191808191807,1.751718723364554,0.055366533508548185,1.1363936063936066,1.4821626283448854,0.04684668019632557,-1.5791428571428574,0.5052139541144886,0.015968285859124572,0.0,0.0,0.0,30.296875124875122,3.755116602726891,0.11868788432771459
R:A:LYS:94,24.397790209790212,2.905836436303583,0.09184470558831849,-5.716226773226774,1.5263560615714087,0.048243501026609556,-14.858998001998001,15.174259961349726,0.4796124865319751,-25.612624375624378,13.629447342863662,0.4307856295343196,0.0,0.0,0.0,-21.790058941058945,20.658984691115872,0.6529680552573559
R:A:ARG:95,30.178920079920083,3.9110541971025814,0.1236166002962584,-8.057476523476524,1.6866737252482646,0.0533106577450855,-246.30634665334668,18.18228597754809,0.5746870958280086,-5.380325674325674,9.994307865686151,0.315889859461815,0.0,0.0,0.0,-229.56522877122876,21.180720626824165,0.6694585510097355
R:A:ALA:96,10.566828171828172,2.259610798673982,0.07141946668285061,-4.596628371628372,0.8455828459736165,0.026726317616751646,12.659421578421581,1.9820278135889178,0.06264590764045141,-2.46318981018981,1.3533698385940363,0.04277592944491296,0.0,0.0,0.0,16.16643156843157,3.403071478054057,0.10756080214737354
R:A:VAL:97,17.36856043956044,2.641178673586397,0.08347967375282274,-4.120402597402598,1.2617420931567604,0.03987985339662956,5.6335594405594405,2.2984216655263077,0.07264616086121037,1.1404615384615384,1.1340306852876851,0.035843281857549494,0.0,0.0,0.0,20.022178821178823,3.8905765180993397,0.1229693627657189
R:A:ALA:98,10.309642357642357,2.2543809094027027,0.07125416569261622,-2.529370629370629,1.0115949511298246,0.03197345841644666,10.99998101898102,2.3112553751652216,0.07305179562738853,-2.309691308691309,1.2889706839917638,0.04074046684258348,0.0,0.0,0.0,16.470561438561436,3.6206221099765488,0.11443691998038237
R:A:ARG:99,31.567584415584417,4.195716069728635,0.13261390157479047,-3.663338661338661,1.659940722132213,0.05246570832879673,-192.03821978021978,9.585195816508264,0.302959064307641,-70.7624895104895,8.220869994755372,0.2598368493543339,0.0,0.0,0.0,-234.89646353646353,13.409627841601298,0.42383779960012863
R:A:SER:102,15.242916083916084,2.266971970500741,0.07165213107192879,-2.6199440559440563,1.2414591157710357,0.039238769795648866,21.251590409590406,3.399502160189165,0.10744798679949073,-5.256471528471527,2.9918495817000967,0.09456332110190094,0.0,0.0,0.0,28.61809090909091,5.214226837012066,0.16480594803376952
R:A:ALA:107,11.306788211788211,2.2912544712556158,0.07241962751629735,-3.312244755244755,0.9090011814552708,0.028730779491633728,6.96410989010989,1.8463045159308205,0.05835610448458606,-1.9741708291708289,1.3924790403845586,0.04401205308882111,0.0,0.0,0.0,12.984482517482519,3.379936159662305,0.10682956466964219
R:A:HSD:108,24.976747252747252,2.692180223665987,0.08509167857631737,-5.502305694305695,1.6625142173631504,0.05254704873353026,-2.6063186813186814,3.4064186142582495,0.10766659500460302,-7.403964035964036,3.376462863003243,0.10671978426180953,0.0,0.0,0.0,9.464158841158842,5.745953108095993,0.18161220808720896
R:A:VAL:109,17.578700299700298,2.606953145606289,0.08239790827501889,-3.052731268731269,1.40181505316073,0.04430713623048858,6.6104345654345655,3.1779553769029625,0.10044556270199262,-0.6267062937062937,1.0234960778766673,0.032349617056546674,0.0,0.0,0.0,20.509697302697305,4.461864492078386,0.14102604865510004
R:A:THR:110,20.105904095904098,2.612599847055108,0.08257638343818796,-1.7296673326673326,1.3538034046947935,0.04278963315871448,-5.154709290709291,3.156915689677484,0.0997805617904642,-4.847779220779221,1.9630705031677758,0.06204672436481221,0.0,0.0,0.0,8.373748251748253,4.741120552309848,0.1498524885452745
R:A:HSD:163,23.865587412587413,2.8059568205734164,0.08868781286496868,-6.389141858141858,1.3446490533887885,0.04250029178696762,-8.945647352647354,4.509424479174932,0.14252927607633198,-3.9067102897102894,2.605217723070265,0.08234305681472981,0.0,0.0,0.0,4.624087912087912,6.06659239389654,0.19174664663869917
R:A:ASP:167,22.604684315684313,2.666506642513607,0.08428021428573339,-3.8561138861138864,1.4175261608169292,0.04480371684979747,-98.61767732267732,8.746851241111917,0.27646152654299405,-6.181801198801199,8.476522087550874,0.2679172391871866,0.0,0.0,0.0,-86.0509080919081,12.549042649782034,0.3966373031823567
R:A:LYS:186,24.30965834165834,2.7965508621207693,0.08839051895190926,-5.754466533466534,1.4378661849987668,0.04544660352755437,-19.543187812187814,9.602062927633055,0.30349218270206535,-19.614425574425574,7.793718885271822,0.2463358940348578,0.0,0.0,0.0,-20.602421578421577,12.76047892593609,0.4033201647128433
L:B:LIG:194,109.82737062937062,6.237231326548313,0.19714002746891657,-0.7904335664335665,3.924496108817544,0.12404145849150333,57.20593006993007,5.663400000312652,0.17900295390309992,-18.72381018981019,4.325650822350223,0.13672074632046424,0.0,0.0,0.0,147.51905694305694,10.251345225356532,0.32401403339300683

Sidechain Energy Decomposition:
Residue,Internal,,,van der Waals,,,Electrostatic,,,Polar Solvation,,,Non-Polar Solv.,,,TOTAL,,
,Avg.,Std. Dev.,Std. Err. of Mean,Avg.,Std. Dev.,Std. Err. of Mean,Avg.,Std. Dev.,Std. Err. of Mean,Avg.,Std. Dev.,Std. Err. of Mean,Avg.,Std. Dev.,Std. Err. of Mean,Avg.,Std. Dev.,Std. Err. of Mean
R:A:GLN:19,19.160976023976026,2.5913550579548508,0.08190489987640802,-5.669701298701299,1.4437929995199619,0.045633932218176805,-52.44411488511488,4.238613991061581,0.13396977519037057,-2.627153846153846,2.3142264733896627,0.07314570306081755,0.0,0.0,0.0,-41.579994005994,5.667552557957586,0.17913420369733216
R:A:LYS:22,21.85844055944056,2.6317539945112007,0.08318178813747582,-7.037436563436564,1.3305034764032213,0.04205319285965533,1.0370819180819182,12.623540175826747,0.39899194477923144,-44.27738961038961,11.156284977068415,0.35261644336790215,0.0,0.0,0.0,-28.419303696303693,17.10300645058117,0.5405743325756242
R:A:PHE:24,24.327353646353647,2.845924823797439,0.08995108062608632,1.3672697302697305,1.5959443476550224,0.05044297638864176,-0.4227222777222777,0.951533935266233,0.030075111265722657,-0.7503646353646354,0.3765599932010998,0.011901923067593127,0.0,0.0,0.0,24.52153646353646,3.4195819513445436,0.10808264829794956
R:A:ASP:49,20.556820179820182,2.08424095326838,0.06587655600174037,-2.250216783216783,0.9675966797294306,0.03058280606152453,-79.20721278721278,8.532834184984955,0.2696970943591015,-36.56896003996004,9.271943287255349,0.29305809880091477,0.0,0.0,0.0,-97.46956943056942,12.808532126533153,0.40483898112187283
R:A:VAL:51,14.60264935064935,2.1495371785201196,0.0679403722955106,-3.4383976023976026,0.8728154953169543,0.027587059339885395,7.289214785214785,0.8253197018192211,0.02608586088425864,-1.1467992007992007,0.36488454873487747,0.011532897562159992,0.0,0.0,0.0,17.306667332667335,2.489299161374952,0.07867922149416015
R:A:MET:53,17.00827072927073,2.4746697753710962,0.07821683082630439,-6.250131868131867,1.0641058384193034,0.03363316882651315,5.233197802197803,1.1518143923569995,0.03640537107896755,-1.7528631368631369,0.7236438390837763,0.022872194223015223,0.0,0.0,0.0,14.238473526473525,3.017722408171088,0.09538108293469998
R:A:ARG:62,27.402564435564432,3.858920512341934,0.12196881211786843,-6.260699300699301,1.3521286213525805,0.042736698320033246,-215.08029870129872,7.911870386241146,0.2500703058158421,-51.7591018981019,6.851921317547695,0.2165685199147062,0.0,0.0,0.0,-245.69753546453546,11.2368161896419,0.35516179155649147
R:A:PHE:64,25.617157842157845,2.7760535480712867,0.0877426608169136,2.101001998001998,1.6462054002390551,0.0520315763247798,-0.9408511488511487,0.8798710767546968,0.02781006494054755,-1.2427212787212787,0.43625883311091357,0.013788822931253648,0.0,0.0,0.0,25.534587412587413,3.3735679039723174,0.1066282833581235
R:A:PHE:66,25.017323676323677,2.7948583884907574,0.08833702497670734,2.7878891108891106,1.640997050993675,0.05186695614964993,-3.1986983016983017,1.0845023805753675,0.034277841866585015,-0.050410589410589395,0.4137683820373162,0.013077967760055282,0.0,0.0,0.0,24.556103896103895,3.4425941411288243,0.10880999405260887
R:A:LYS:94,20.580990009990014,2.7062180336872794,0.08553537131566179,-5.109454545454546,1.2944472714032715,0.040913565215277316,-16.980997002997004,14.855661506045728,0.46954255246317683,-26.011601398601396,13.136235941670764,0.41519670809007375,0.0,0.0,0.0,-27.52106293706294,20.05618566133025,0.6339154001498953
R:A:ARG:95,26.035755244755247,3.6759766950257715,0.1161865110803125,-8.155022977022977,1.5222148817841727,0.048112610852064565,-250.0725554445554,18.26798043211413,0.5773956384878223,-5.1593916083916085,9.955203590884196,0.3146538915451215,0.0,0.0,0.0,-237.35121478521478,21.18148083616337,0.6694825789288821
R:A:ALA:96,7.307022977022977,1.790246105805617,0.056584267601623724,-4.1102347652347655,0.5454674592320689,0.017240577472043075,3.7876963036963036,0.9446374848049516,0.02985713531418337,-0.912908091908092,0.44660872158329074,0.014115951618794857,0.0,0.0,0.0,6.071576423576423,2.1434353725564366,0.06774751265437938
R:A:VAL:97,13.869878121878122,2.3390686823669884,0.07393089019013455,-4.34596903096903,0.9047100617016569,0.02859515016801074,8.132842157842157,0.9361888193924256,0.02959009854028472,-0.4854875124875125,0.4636415626271126,0.01465430823496849,0.0,0.0,0.0,17.171263736263732,2.7168282243684363,0.0858707273691451
R:A:ALA:98,7.322110889110889,1.7896770074235206,0.05656628012211475,-3.150277722277722,0.5155670891065847,0.016295517159340068,3.5255944055944055,1.0521118932379665,0.03325407647628314,-0.13263236763236766,0.607335776951534,0.01919604797106987,0.0,0.0,0.0,7.564795204795205,2.2236342766130286,0.07028235757529769
R:A:ARG:99,27.30262837162837,3.964746801317291,0.12531366120607448,-4.305621378621379,1.4550223082774065,0.045988856722496044,-198.1538171828172,9.332702353462588,0.2949785092128386,-67.91286413586414,8.077045822718858,0.25529100204780736,0.0,0.0,0.0,-243.06967432567433,13.045087564166325,0.4123157834130478
R:A:SER:102,11.534025974025974,1.9290993010240463,0.06097299735788506,-2.9882867132867132,0.8314408078127934,0.026279330540991862,19.253174825174824,2.444944456017883,0.07727730333934525,-2.1484015984015983,2.2159156794109256,0.07003839605057961,0.0,0.0,0.0,25.650512487512486,3.9116177754708628,0.12363441330481734
R:A:ALA:107,7.960542457542458,1.834559119593117,0.05798486801195557,-3.190818181818182,0.5787182803929991,0.018291535413770946,-1.0626043956043956,1.105130713285633,0.03492984110538672,-0.3953066933066933,0.511836768869908,0.016177613013185328,0.0,0.0,0.0,3.3118131868131866,2.2767988015539937,0.0719627274956216
R:A:HSD:108,24.976747252747252,2.692180223665987,0.08509167857631737,-5.502305694305695,1.6625142173631504,0.05254704873353026,-2.6063186813186814,3.4064186142582495,0.10766659500460302,-7.403964035964036,3.376462863003243,0.10671978426180953,0.0,0.0,0.0,9.464158841158842,5.745953108095993,0.18161220808720896
R:A:VAL:109,14.029104895104894,2.3191911211733895,0.07330262056943897,-3.3797402597402595,1.058969631192389,0.03347082884250613,7.219773226773227,0.9915776758455398,0.03134077285569152,-0.08593206793206794,0.47556082395771,0.01503104005444127,0.0,0.0,0.0,17.783205794205795,2.7765893684223104,0.0877595964784578
R:A:THR:110,15.639022977022977,2.3057428088516203,0.0728775600703615,-1.9084995004995005,0.9679490590257741,0.030593943705861198,-0.37675324675324673,3.0723235711633667,0.09710686064095822,-3.1044295704295704,1.7665873639224143,0.05583648628960436,0.0,0.0,0.0,10.249340659340659,4.337439143289069,0.13709333950997843
R:A:HSD:163,23.865587412587413,2.8059568205734164,0.08868781286496868,-6.389141858141858,1.3446490533887885,0.04250029178696762,-8.945647352647354,4.509424479174932,0.14252927607633198,-3.9067102897102894,2.605217723070265,0.08234305681472981,0.0,0.0,0.0,4.624087912087912,6.06659239389654,0.19174664663869917
R:A:ASP:167,18.457647352647353,2.280679462288767,0.07208538345045118,-3.3430909090909093,1.2695465939354489,0.04012653007372233,-103.0377912087912,8.878879228878025,0.28063453212386613,-7.718962037962037,8.643016841152226,0.2731796350452163,0.0,0.0,0.0,-95.64219680319681,12.662917667003981,0.40023654823963134
R:A:LYS:186,20.361576423576427,2.50907644916926,0.07930432177582442,-5.69865034965035,1.2548203606432646,0.03966107835584585,-22.55891808191808,9.320967013203163,0.29460759058244357,-20.06106093906094,7.7024115379394615,0.2434499448021272,0.0,0.0,0.0,-27.95705294705295,12.412800180711246,0.3923310905875591
L:B:LIG:194,109.82737062937062,6.237231326548313,0.19714002746891657,-0.7904335664335665,3.924496108817544,0.12404145849150333,57.20593006993007,5.663400000312652,0.17900295390309992,-18.72381018981019,4.325650822350223,0.13672074632046424,0.0,0.0,0.0,147.51905694305694,10.251345225356532,0.32401403339300683

Backbone Energy Decomposition:
Residue,Internal,,,van der Waals,,,Electrostatic,,,Polar Solvation,,,Non-Polar Solv.,,,TOTAL,,
,Avg.,Std. Dev.,Std. Err. of Mean,Avg.,Std. Dev.,Std. Err. of Mean,Avg.,Std. Dev.,Std. Err. of Mean,Avg.,Std. Dev.,Std. Err. of Mean,Avg.,Std. Dev.,Std. Err. of Mean,Avg.,Std. Dev.,Std. Err. of Mean
R:A:GLN:19,4.252047952047953,0.9235121498969543,0.02918942733831816,-0.35004495504495503,0.7208098072299128,0.02278261904321704,7.684871128871129,1.0324676135369195,0.03263318017837164,-2.229104895104895,0.6277690101111698,0.019841880702850017,0.0,0.0,0.0,9.35776923076923,1.683010627496065,0.05319487829845568
R:A:LYS:22,4.23461038961039,0.8296709384965597,0.026223390322110837,-1.6146423576423576,0.49491993112604604,0.015642922910652647,2.777378621378621,0.9995687699086645,0.03159334718244539,0.332982017982018,0.42973914406809544,0.013582755269225592,0.0,0.0,0.0,5.730328671328672,1.4550302615865665,0.045989108102556235
R:A:PHE:24,4.2813006993007,0.8163580672692069,0.025802610706597864,-0.2801968031968032,0.8147522574309207,0.025751855911873137,2.9356233766233766,0.9225138282159988,0.029157873407847652,-0.9654975024975024,0.443259728665598,0.014010100076464372,0.0,0.0,0.0,5.97122977022977,1.5420028162395598,0.04873804764250134
R:A:ASP:49,4.478101898101899,0.8753558132591496,0.027667351110814673,-1.5267062937062938,0.48070459405294436,0.015193619077853803,2.9964655344655347,1.4578959991428138,0.0460796854037624,1.583040959040959,0.668795409688687,0.021138601173235128,0.0,0.0,0.0,7.530902097902098,1.889463614597401,0.059720233126159455
R:A:VAL:51,3.6878911088911086,0.8664270375049186,0.0273851395003585,-0.6446963036963036,0.7494427551408382,0.02368761997105655,-3.003191808191808,1.5027186323077724,0.047496393342067955,1.4494635364635364,0.7368176251328239,0.023288577776487834,0.0,0.0,0.0,1.4894665334665336,2.0281577244247933,0.06410393467411538
R:A:MET:53,4.386975024975025,0.8511731472790806,0.0269030101418834,-0.7518771228771229,0.6919298295326751,0.02186981025058791,2.4921048951048954,1.1480739924298957,0.03628714834426868,-0.9212277722277721,0.5638473944107114,0.017821511661636407,0.0,0.0,0.0,5.205975024975025,1.685010502021801,0.05325808828671759
R:A:ARG:62,4.4231288711288705,0.832970013465246,0.026327664108972092,-0.6732857142857143,0.46108605697177674,0.014573536426338348,8.598884115884116,0.8284561237678397,0.026184993700845545,-2.206768231768232,0.6496105589900912,0.020532226037265747,0.0,0.0,0.0,10.141959040959042,1.4194269345851958,0.04486379456269122
R:A:PHE:64,3.9815784215784213,0.84048386478679,0.026565154235339793,-1.5256893106893108,0.5455402260488103,0.017242877411150697,3.8638081918081917,0.824228868667485,0.026051382945853196,0.6106363636363636,0.3878216033698011,0.012257868521877026,0.0,0.0,0.0,6.9303336663336665,1.3541735816318126,0.042801333332671734
R:A:PHE:66,4.381443556443556,0.7892967450263746,0.0249472841151999,-1.447050949050949,0.5366893411953005,0.016963127696606965,4.335088911088911,0.8397020825860882,0.02654044446325469,-1.5287392607392607,0.3923560292557763,0.012401188016844613,0.0,0.0,0.0,5.740742257742258,1.3304388906878246,0.04205115150043025
R:A:LYS:94,3.8167762237762237,0.8938761945722142,0.02825272437815714,-0.6067502497502497,0.6996298904269733,0.022113185898650387,2.121984015984016,1.1592081625748136,0.03663906580464407,0.398977022977023,0.8894881692682934,0.028114032163028418,0.0,0.0,0.0,5.730987012987013,1.8502565774103052,0.05848101720111595
R:A:ARG:95,4.1431848151848145,0.8726801499776569,0.027582781482850764,0.09754445554445552,0.7831757095822421,0.024753816688321207,3.766213786213786,1.5157806949340051,0.04790924565587837,-0.22092807192807193,0.9129439534599152,0.02885539859594542,0.0,0.0,0.0,7.786014985014986,2.122732346184584,0.06709315257472921
R:A:ALA:96,3.25981018981019,0.9314530729505136,0.029440415911123518,-0.48639660339660346,0.638691919614043,0.020187120852958186,8.871717282717283,1.337803568765761,0.04228392671150897,-1.5502937062937063,1.0982656028101916,0.03471285571606101,0.0,0.0,0.0,10.094837162837164,2.0667457313873094,0.06532358492504989
R:A:VAL:97,3.4986563436563434,0.8906445542752495,0.028150581997418177,0.22554345654345656,0.824441451319005,0.026058102040843578,-2.4992797202797203,2.0679697895829365,0.06536227370436168,1.625935064935065,1.0890669896160425,0.03442211535983086,0.0,0.0,0.0,2.850855144855145,2.6335370487639223,0.08323814509234198
R:A:ALA:98,2.987497502497502,0.9240740681138043,0.029207187874508888,0.6208691308691309,0.9066204692047068,0.02865553237413881,7.474376623376624,1.7204123053827751,0.054377032273503136,-2.177045954045954,0.8471193686024729,0.026774882452237234,0.0,0.0,0.0,8.905697302697302,2.313720658099263,0.07312971576853625
R:A:ARG:99,4.264963036963037,0.9282238007119616,0.02933834837755249,0.6422807192807193,0.7324071257981876,0.023149175225185795,6.115602397602397,1.676842712442635,0.05299992914884124,-2.8496523476523477,1.251956650831578,0.039570565145515504,0.0,0.0,0.0,8.173193806193806,2.4035841071120267,0.07597002774019944
R:A:SER:102,3.7088771228771225,0.8821158481268757,0.027881015377817557,0.3683356643356643,0.6978278394584584,0.022056228515023892,1.9984055944055945,1.979174777660665,0.06255573179930993,-3.1080829170829167,1.616854438050636,0.051103881136141324,0.0,0.0,0.0,2.9675354645354646,2.792211155591933,0.0882533539471963
R:A:ALA:107,3.3462347652347653,0.9155794286352384,0.028938697999359466,-0.12143456543456543,0.6224634200134022,0.01967418703832923,8.026767232767233,1.2636208075289102,0.039939233878696245,-1.5788691308691307,1.211456587250798,0.03829048056490619,0.0,0.0,0.0,9.6726983016983,2.071258314988301,0.065466214051417
R:A:HSD:108,0.0,0.0,0.0,0.0,0.0,0.0,0.0,0.0,0.0,0.0,0.0,0.0,0.0,0.0,0.0,0.0,0.0,0.0
R:A:VAL:109,3.5495464535464536,0.8752231387179858,0.027663157669635393,0.32699000999001,0.8678391919227103,0.02742977343264972,-0.6093416583416583,2.963707301705529,0.09367382870363881,-0.5407852147852148,0.883645134710242,0.027929351503779315,0.0,0.0,0.0,2.72640959040959,3.3291966147802348,0.10522584103841572
R:A:THR:110,4.466867132867133,0.8811535993588225,0.027850601603077715,0.17882017982017978,0.714496732009542,0.022583081819535777,-4.777939060939062,1.3545472251263961,0.04281314307403442,-1.7433396603396605,0.9775605259693904,0.030897733121080736,0.0,0.0,0.0,-1.8755914085914087,2.0192473877032735,0.06382230586574315
R:A:HSD:163,0.0,0.0,0.0,0.0,0.0,0.0,0.0,0.0,0.0,0.0,0.0,0.0,0.0,0.0,0.0,0.0,0.0,0.0
R:A:ASP:167,4.1470489510489505,0.8897167014238891,0.028121255373628272,-0.5130299700299701,0.6808206315679121,0.021518682085337866,4.420115884115884,1.037267312258688,0.03278488414577533,1.537178821178821,0.6590402801802853,0.02083027101862574,0.0,0.0,0.0,9.591313686313685,1.6629402001099163,0.05256051276043612
R:A:LYS:186,3.9480729270729267,0.8455434985075901,0.0267250739622955,-0.05583516483516483,0.6993161093392718,0.0221032682270089,3.015757242757243,1.8754397728715049,0.05927698188240722,0.44662137862137863,1.0958710681938788,0.034637171715368925,0.0,0.0,0.0,7.354616383616384,2.433555951364707,0.07691734713400127
L:B:LIG:194,0.0,0.0,0.0,0.0,0.0,0.0,0.0,0.0,0.0,0.0,0.0,0.0,0.0,0.0,0.0,0.0,0.0,0.0

Receptor:
Total Energy Decomposition:
Residue,Internal,,,van der Waals,,,Electrostatic,,,Polar Solvation,,,Non-Polar Solv.,,,TOTAL,,
,Avg.,Std. Dev.,Std. Err. of Mean,Avg.,Std. Dev.,Std. Err. of Mean,Avg.,Std. Dev.,Std. Err. of Mean,Avg.,Std. Dev.,Std. Err. of Mean,Avg.,Std. Dev.,Std. Err. of Mean,Avg.,Std. Dev.,Std. Err. of Mean
R:A:GLN:19,23.413035964035963,2.9080178828024077,0.09191365451776894,-5.9060649350649355,1.7150892716035662,0.054208787266943156,-44.79355444555444,4.333665779705736,0.13697407489375327,-4.871475524475525,2.4239654776859623,0.07661422125242297,0.0,0.0,0.0,-32.15805894105894,6.004528869401338,0.1897850062435893
R:A:LYS:22,26.093062937062935,2.915542154211114,0.09215147399159256,-8.560407592407593,1.4763415808135525,0.04666269448052562,3.3825994005994007,12.81042196211788,0.40489871311185033,-44.04007392607393,11.069020469326954,0.3498582760733867,0.0,0.0,0.0,-23.12481918081918,17.24268237584026,0.544989066341409
R:A:PHE:24,28.60867332667333,3.012975313197883,0.0952310416127705,3.536582417582417,1.6941794955928553,0.0535478924562,2.6146833166833163,1.3837630615105274,0.043736567344476285,-2.385651348651349,0.448142693176216,0.014164435823746284,0.0,0.0,0.0,32.37428771228771,3.750186193387651,0.1185320489928227
R:A:ASP:49,25.034918081918082,2.3858730241141335,0.07541023394614095,-3.7719140859140863,1.15265939068766,0.03643207892182221,-76.02676223776223,8.249132436896085,0.2607301397147929,-35.11324775224776,8.908814224781308,0.28158068685273374,0.0,0.0,0.0,-89.877005994006,12.42723503484395,0.3927873326910255
R:A:VAL:51,18.29054345654346,2.4485600486913923,0.07739158129404257,-4.054190809190809,1.3036497772843867,0.04120442860757511,4.305545454545455,1.9357285215836815,0.06118252698005273,0.31978021978021975,0.8538752922023907,0.026988416774492797,0.0,0.0,0.0,18.861678321678323,3.488709930299091,0.11026757474311186
R:A:MET:53,21.39525774225774,2.759834099225395,0.08723001306928241,-6.509194805194805,1.1896290336803368,0.03760057757988394,7.747071928071929,1.8351685914547786,0.058004131575107074,-2.8232437562437562,0.9448406821305207,0.029863557767391705,0.0,0.0,0.0,19.809891108891104,3.645883866320133,0.11523536773368115
R:A:ARG:62,31.825676323676323,3.995780789409231,0.1262945517558404,-6.170354645354645,1.3221185210551971,0.04178816976830401,-203.08838061938062,7.889485134677276,0.2493627756831346,-58.489001998001996,6.763077043838485,0.21376042099348463,0.0,0.0,0.0,-235.9220609390609,11.211487336295656,0.3543612230697687
R:A:PHE:64,29.598729270729272,3.017027982598866,0.09535913424156744,2.4954875124875127,1.6111770134672294,0.050924434907562065,2.985841158841159,1.2517017242688924,0.03956250768749619,-1.2329250749250749,0.526345551649179,0.01663619177768802,0.0,0.0,0.0,33.84713286713287,3.6799654974997194,0.11631258506861161
R:A:PHE:66,29.398805194805192,2.929220889245977,0.09258381745607734,2.1215284715284715,1.7196531570226896,0.05435303788869922,1.1035664335664337,1.4819431602804023,0.0468397434742456,-1.819935064935065,0.5092444608028274,0.01609567799157134,0.0,0.0,0.0,30.80396503496503,3.7407255244956583,0.11823302584816184
R:A:LYS:94,24.397790209790212,2.905836436303583,0.09184470558831849,-4.7164415584415575,1.4952530819403507,0.04726042986284928,-15.160922077922077,15.089408582663124,0.4769305909521443,-26.60622177822178,13.702456186509847,0.4330932183807714,0.0,0.0,0.0,-22.085795204795208,20.642849224159225,0.6524580619233716
R:A:ARG:95,30.178920079920083,3.9110541971025814,0.1236166002962584,-7.837392607392608,1.6358858237288498,0.05170540570673167,-245.74679020979022,18.397950968412434,0.5815036142473452,-5.91392007992008,10.11171873292926,0.3196008620496035,0.0,0.0,0.0,-229.3191828171828,21.41737432392055,0.6769384589855104
R:A:ALA:96,10.566828171828172,2.259610798673982,0.07141946668285061,-4.206992007992008,0.8267718731342147,0.026131759629701816,12.847905094905096,1.9684890283994694,0.06221798756752049,-2.7868641358641355,1.4000305539417728,0.044250733604607746,0.0,0.0,0.0,16.420877122877123,3.4094614382024506,0.10776276947121124
R:A:VAL:97,17.36856043956044,2.641178673586397,0.08347967375282274,-3.491876123876124,1.2108409461372365,0.038271022010351395,6.0701628371628376,2.2335696718433846,0.07059638538444596,0.6745304695304695,1.2770835489229941,0.04036475043713138,0.0,0.0,0.0,20.621377622377622,3.880945303989536,0.12266494920227063
R:A:ALA:98,10.309642357642357,2.2543809094027027,0.07125416569261622,-2.447216783216783,1.015810593956987,0.03210670214258658,11.049926073926075,2.3294202321418003,0.0736259318451827,-2.3476993006993006,1.3047675854486396,0.04123975914458242,0.0,0.0,0.0,16.564652347652345,3.639055030831993,0.11501952888704699
R:A:ARG:99,31.567584415584417,4.195716069728635,0.13261390157479047,-3.0412247752247747,1.5090275260415973,0.047695798401599876,-192.25746553446552,9.33805227415151,0.2951476040333371,-71.43813486513487,7.7413913887723735,0.2446819800532852,0.0,0.0,0.0,-235.16924075924072,12.923217800574111,0.4084638485906312
R:A:SER:102,15.242916083916084,2.266971970500741,0.07165213107192879,-2.463605394605395,1.209849706706602,0.03823969192840434,21.35119280719281,3.238408899380778,0.10235631580026909,-5.464778221778222,2.9475441798339785,0.09316296128139359,0.0,0.0,0.0,28.665725274725276,5.0772243518989635,0.16047571362935575
R:A:ALA:107,11.306788211788211,2.2912544712556158,0.07241962751629735,-3.1125484515484514,0.9184325057577543,0.029028875142527083,6.907181818181818,1.8409234774045964,0.058186026123317684,-2.0555564435564437,1.4469532277919428,0.04573381748068015,0.0,0.0,0.0,13.045865134865135,3.402357743206654,0.10753824314642328
R:A:HSD:108,24.976747252747252,2.692180223665987,0.08509167857631737,-3.673856143856144,1.3433343039736916,0.04245873653236231,-2.14503996003996,3.2933545260671884,0.10409298096260647,-9.552597402597403,3.004541779281792,0.0949644830997326,0.0,0.0,0.0,9.605253746253746,5.378274513888981,0.1699909991939009
R:A:VAL:109,17.578700299700298,2.606953145606289,0.08239790827501889,-2.8257872127872132,1.3820016884972732,0.04368089566804865,6.588172827172827,3.180367268278895,0.10052179529738788,-0.6181988011988012,1.0410771756948707,0.032905302412012304,0.0,0.0,0.0,20.722887112887115,4.461469602865003,0.1410135674007906
R:A:THR:110,20.105904095904098,2.612599847055108,0.08257638343818796,-1.589050949050949,1.3545844482254417,0.042814319583672135,-5.079748251748252,3.143028228017897,0.09934162110833952,-5.0185644355644365,1.903603813983701,0.06016716208381506,0.0,0.0,0.0,8.418540459540461,4.707750090110691,0.14879774911199573
R:A:HSD:163,23.865587412587413,2.8059568205734164,0.08868781286496868,-6.36943956043956,1.3454464576574512,0.04252549532539642,-8.943773226773228,4.511855557412219,0.142606115110414,-3.909315684315685,2.615203835104371,0.08265868762873087,0.0,0.0,0.0,4.643058941058941,6.072870122062681,0.19194506664884817
R:A:ASP:167,22.604684315684313,2.666506642513607,0.08428021428573339,-3.8213586413586413,1.4086432821518018,0.04452295590758381,-97.87578021978022,8.585715287188115,0.27136850614345276,-7.21253946053946,8.454713715122862,0.26722794246009374,0.0,0.0,0.0,-86.304994005994,12.421401876127465,0.3926029641772743
R:A:LYS:186,24.30965834165834,2.7965508621207693,0.08839051895190926,-5.714124875124875,1.4366160369955696,0.045407090128293144,-19.941165834165833,9.49058368477902,0.29996866083028306,-19.806897102897103,7.638767463932488,0.2414383480148533,0.0,0.0,0.0,-21.15252947052947,12.581991472259412,0.39767871585862075

Sidechain Energy Decomposition:
Residue,Internal,,,van der Waals,,,Electrostatic,,,Polar Solvation,,,Non-Polar Solv.,,,TOTAL,,
,Avg.,Std. Dev.,Std. Err. of Mean,Avg.,Std. Dev.,Std. Err. of Mean,Avg.,Std. Dev.,Std. Err. of Mean,Avg.,Std. Dev.,Std. Err. of Mean,Avg.,Std. Dev.,Std. Err. of Mean,Avg.,Std. Dev.,Std. Err. of Mean
R:A:GLN:19,19.160976023976026,2.5913550579548508,0.08190489987640802,-5.563023976023976,1.445614020245047,0.04569148917846409,-52.50782017982017,4.267176327481974,0.1348725443024485,-2.6502127872127876,2.352250475051274,0.07434752680914347,0.0,0.0,0.0,-41.560080919080924,5.704980020921961,0.18031717266073793
R:A:LYS:22,21.85844055944056,2.6317539945112007,0.08318178813747582,-6.958283716283717,1.3255185649241645,0.041895634876880423,0.5626043956043956,12.742573141523401,0.40275421699563346,-44.35213786213786,11.051292535638842,0.349297949679949,0.0,0.0,0.0,-28.889376623376624,17.12271489948147,0.5411972570679445
R:A:PHE:24,24.327353646353647,2.845924823797439,0.08995108062608632,3.7466943056943056,1.4226449759971083,0.044965507123782264,-0.3150299700299701,0.9227400132046567,0.029165022431595942,-1.402968031968032,0.3221212549245219,0.01018127911559835,0.0,0.0,0.0,26.356049950049954,3.3284257638227976,0.10520147676988574
R:A:ASP:49,20.556820179820182,2.08424095326838,0.06587655600174037,-2.246357642357643,0.967563188345131,0.030581747500109193,-79.03214085914085,8.566190906726769,0.27075139949806026,-36.701062937062936,9.301977057693332,0.294007375494235,0.0,0.0,0.0,-97.42274125874125,12.852495582845505,0.40622853307710577
R:A:VAL:51,14.60264935064935,2.1495371785201196,0.0679403722955106,-3.4156303696303696,0.8713229375927091,0.027539884102131387,7.287623376623377,0.8254187342955459,0.02608899100146624,-1.1550709290709291,0.36591232847760685,0.01156538257291328,0.0,0.0,0.0,17.31957142857143,2.488959955980286,0.07866850023703162
R:A:MET:53,17.00827072927073,2.4746697753710962,0.07821683082630439,-5.777879120879121,0.9970726365371259,0.03151445195222735,5.281813186813186,1.1517882331105844,0.03640454426426614,-1.9267602397602397,0.7066174822287877,0.02233404255244931,0.0,0.0,0.0,14.585444555444555,2.9906635952225855,0.09452583565451034
R:A:ARG:62,27.402564435564432,3.858920512341934,0.12196881211786843,-5.574089910089911,1.2230672648606526,0.038657458985795735,-211.64686913086913,7.968975962315871,0.2518752404489511,-56.128058941058946,6.857202078776249,0.21673542881372726,0.0,0.0,0.0,-245.94645354645354,11.265565200738422,0.3560704608907759
R:A:PHE:64,25.617157842157845,2.7760535480712867,0.0877426608169136,3.9815714285714288,1.4707498149327547,0.04648595566459489,-0.8266363636363636,0.8550693539335433,0.027026157456240013,-1.860891108891109,0.34554977714127777,0.010921783879901097,0.0,0.0,0.0,26.911201798201798,3.274160437181206,0.10348631383546027
R:A:PHE:66,25.017323676323677,2.7948583884907574,0.08833702497670734,3.5615304695304695,1.6103658110117103,0.050898795250157794,-3.2023056943056942,1.0808452017321606,0.03416224949877596,-0.2775934065934066,0.451200210423928,0.01426107470126154,0.0,0.0,0.0,25.09895504495504,3.4316642372159003,0.10846453283034266
R:A:LYS:94,20.580990009990014,2.7062180336872794,0.08553537131566179,-4.222881118881119,1.2849756862831327,0.04061419704164383,-17.276165834165834,14.802856721233312,0.46787355284084425,-27.03727172827173,13.264581469180902,0.4192533222341035,0.0,0.0,0.0,-27.955328671328672,20.100956873295676,0.6353304828195268
R:A:ARG:95,26.035755244755247,3.6759766950257715,0.1161865110803125,-7.985716283716284,1.4979672191456461,0.04734621553524031,-250.43588411588414,18.115270912143078,0.5725689521929405,-4.897883116883118,9.850255941102214,0.3113368135857463,0.0,0.0,0.0,-237.28372827172825,20.998745028633596,0.6637068524518732
R:A:ALA:96,7.307022977022977,1.790246105805617,0.056584267601623724,-3.84955944055944,0.5237801342970183,0.01655510669028369,3.9480909090909098,0.9447115458289108,0.02985947615926884,-1.0840259740259741,0.45697918043749214,0.01444373047392254,0.0,0.0,0.0,6.321528471528472,2.140242188307704,0.06764658575307478
R:A:VAL:97,13.869878121878122,2.3390686823669884,0.07393089019013455,-3.8042857142857143,0.8670003556337478,0.027403260353305665,8.436144855144855,0.847459284424477,0.026785626163826345,-0.7582077922077922,0.46083226926813836,0.01456551496421082,0.0,0.0,0.0,17.743529470529467,2.6746000704133603,0.08453602307571426
R:A:ALA:98,7.322110889110889,1.7896770074235206,0.05656628012211475,-3.102405594405594,0.5279089878276767,0.016685607269119777,3.554260739260739,1.0581087226169978,0.033443618124911215,-0.14113786213786214,0.6244714712111902,0.01973765546647714,0.0,0.0,0.0,7.632828171828172,2.234097217572345,0.07061305951020039
R:A:ARG:99,27.30262837162837,3.964746801317291,0.12531366120607448,-3.7016503496503494,1.303253881997455,0.04119191555432209,-198.3919330669331,9.114340707477613,0.28807675767695984,-68.54452047952049,7.717276029436531,0.2439197664439141,0.0,0.0,0.0,-243.3354755244755,12.650898929562132,0.39985667228099203
R:A:SER:102,11.534025974025974,1.9290993010240463,0.06097299735788506,-2.8622607392607393,0.8079919232263735,0.025538182183738215,19.404635364635364,2.2623435074635174,0.07150583934687872,-2.3626133866133867,2.2568128693034266,0.07133103259341422,0.0,0.0,0.0,25.713787212787214,3.8191199947142818,0.12071083807015348
R:A:ALA:107,7.960542457542458,1.834559119593117,0.05798486801195557,-3.1228111888111885,0.5954193221130296,0.0188194048563283,-1.0891368631368632,1.0969186577445214,0.03467028285426653,-0.3754445554445555,0.5087330084621287,0.016079512529170545,0.0,0.0,0.0,3.37314985014985,2.276438259218726,0.07195133184230089
R:A:HSD:108,24.976747252747252,2.692180223665987,0.08509167857631737,-3.673856143856144,1.3433343039736916,0.04245873653236231,-2.14503996003996,3.2933545260671884,0.10409298096260647,-9.552597402597403,3.004541779281792,0.0949644830997326,0.0,0.0,0.0,9.605253746253746,5.378274513888981,0.1699909991939009
R:A:VAL:109,14.029104895104894,2.3191911211733895,0.07330262056943897,-3.216067932067932,1.0731575784536151,0.03391926696614929,7.215223776223777,0.9905283698222394,0.03130760746428199,-0.10924375624375625,0.4942436926211409,0.015621549055739635,0.0,0.0,0.0,17.919016983016984,2.784912552278867,0.08802266715969521
R:A:THR:110,15.639022977022977,2.3057428088516203,0.0728775600703615,-1.7812947052947052,0.9646824481849465,0.030490696011944516,-0.2968201798201798,3.046173654881919,0.09628034083687595,-3.261112887112887,1.7437280661488135,0.05511397298921957,0.0,0.0,0.0,10.299795204795204,4.308923720696249,0.1361920532021725
R:A:HSD:163,23.865587412587413,2.8059568205734164,0.08868781286496868,-6.36943956043956,1.3454464576574512,0.04252549532539642,-8.943773226773228,4.511855557412219,0.142606115110414,-3.909315684315685,2.615203835104371,0.08265868762873087,0.0,0.0,0.0,4.643058941058941,6.072870122062681,0.19194506664884817
R:A:ASP:167,18.457647352647353,2.280679462288767,0.07208538345045118,-3.3121878121878123,1.2630330463669959,0.03992065652513365,-102.30775024975024,8.690703384895736,0.2746868625394859,-8.761862137862138,8.61618634256973,0.27233160409195595,0.0,0.0,0.0,-95.92415284715284,12.512543454471764,0.39548367395340167
R:A:LYS:186,20.361576423576427,2.50907644916926,0.07930432177582442,-5.659125874125874,1.2545945021301046,0.039653939651001134,-22.95836863136863,9.19903823095656,0.2907537903587714,-20.247344655344655,7.528613852864838,0.23795672535653606,0.0,0.0,0.0,-28.503262737262737,12.213590909830723,0.38603468773229055

Backbone Energy Decomposition:
Residue,Internal,,,van der Waals,,,Electrostatic,,,Polar Solvation,,,Non-Polar Solv.,,,TOTAL,,
,Avg.,Std. Dev.,Std. Err. of Mean,Avg.,Std. Dev.,Std. Err. of Mean,Avg.,Std. Dev.,Std. Err. of Mean,Avg.,Std. Dev.,Std. Err. of Mean,Avg.,Std. Dev.,Std. Err. of Mean,Avg.,Std. Dev.,Std. Err. of Mean
R:A:GLN:19,4.252047952047953,0.9235121498969543,0.02918942733831816,-0.3430549450549451,0.7207579108216642,0.022780978754631923,7.714277722277722,1.0402612774048348,0.03287951433347417,-2.221251748251748,0.6259317630440663,0.019783810876942757,0.0,0.0,0.0,9.40201898101898,1.6870983238313932,0.053324078022763025
R:A:LYS:22,4.23461038961039,0.8296709384965597,0.026223390322110837,-1.6021458541458542,0.4952412733067673,0.015653079565587775,2.820010989010989,0.9888359077352997,0.0312541138539217,0.31205394605394604,0.4270206604398324,0.013496832219543523,0.0,0.0,0.0,5.76452947052947,1.4469833730355837,0.04573477028070444
R:A:PHE:24,4.2813006993007,0.8163580672692069,0.025802610706597864,-0.21011588411588414,0.8126271443175898,0.025684687510445822,2.9297122877122876,0.9270873530464552,0.029302428702256605,-0.9826943056943058,0.4476309852530138,0.01414826228315516,0.0,0.0,0.0,6.018202797202797,1.544884406295352,0.048829125993297
R:A:ASP:49,4.478101898101899,0.8753558132591496,0.027667351110814673,-1.5255744255744255,0.48074333334196323,0.015194843509673223,3.005391608391608,1.4610334499072097,0.04617885073810597,1.5878621378621376,0.6704505895157696,0.021190916404063297,0.0,0.0,0.0,7.545781218781219,1.8924810929277829,0.05981560649453307
R:A:VAL:51,3.6878911088911086,0.8664270375049186,0.0273851395003585,-0.6385504495504495,0.7495913036980338,0.023692315141896434,-2.982083916083916,1.4987908029741739,0.04737224653041726,1.4748461538461537,0.7322112093191688,0.02314298289752737,0.0,0.0,0.0,1.5421028971028972,2.023632886674823,0.06396091823114257
R:A:MET:53,4.386975024975025,0.8511731472790806,0.0269030101418834,-0.7313226773226773,0.6869526496290647,0.021712496639540797,2.465263736263736,1.1575703508886057,0.03658729952824614,-0.8964855144855145,0.5884122713191161,0.018597933162612455,0.0,0.0,0.0,5.22443056943057,1.6978214828940816,0.053663004665290136
R:A:ARG:62,4.4231288711288705,0.832970013465246,0.026327664108972092,-0.5962717282717283,0.45578108088885594,0.014405862168970744,8.558480519480518,0.8199342228132629,0.025915642172849165,-2.3609520479520483,0.5572237247451717,0.017612157486451094,0.0,0.0,0.0,10.024385614385615,1.3727220571506014,0.0433875945729301
R:A:PHE:64,3.9815784215784213,0.84048386478679,0.026565154235339793,-1.486075924075924,0.5460843745115627,0.017260076299131264,3.8124565434565434,0.8126481276544357,0.025685350730292197,0.627959040959041,0.39595231415612886,0.012514855711198657,0.0,0.0,0.0,6.935918081918082,1.3497394139308807,0.0426611826958591
R:A:PHE:66,4.381443556443556,0.7892967450263746,0.0249472841151999,-1.439982017982018,0.5366596985467414,0.0169621907820939,4.30589010989011,0.8352972898015042,0.02640122227874926,-1.5423346653346652,0.38604502085765063,0.012201716119166647,0.0,0.0,0.0,5.705016983016983,1.3257998733716303,0.04190452618652684
R:A:LYS:94,3.8167762237762237,0.8938761945722142,0.02825272437815714,-0.49355244755244754,0.6936739046630578,0.02192493519322841,2.1152187812187813,1.1501552052183315,0.03635292918913401,0.43107592407592404,0.9121778750627622,0.02883118517361887,0.0,0.0,0.0,5.869518481518481,1.8534086460028818,0.058580644560819524
R:A:ARG:95,4.1431848151848145,0.8726801499776569,0.027582781482850764,0.1482967032967033,0.6553156615424799,0.02071254708277574,4.689072927072928,0.9541612002592871,0.030158151170094048,-1.016036963036963,0.9857682114298989,0.031157153247163557,0.0,0.0,0.0,7.964517482517483,1.7530464406780069,0.05540849863921938
R:A:ALA:96,3.25981018981019,0.9314530729505136,0.029440415911123518,-0.35743556443556446,0.6411728951012305,0.02026553698827323,8.899835164835165,1.330012060742487,0.04203766069613857,-1.7028281718281717,1.132259423914198,0.03578729763994679,0.0,0.0,0.0,10.099381618381619,2.0807813420166084,0.06576720814826201
R:A:VAL:97,3.4986563436563434,0.8906445542752495,0.028150581997418177,0.3124145854145854,0.7777111740722106,0.024581099239800876,-2.3659920079920083,2.1611144435910297,0.06830629464704813,1.432742257742258,1.3204302191100288,0.04173480764744925,0.0,0.0,0.0,2.8778211788211783,2.795001608975147,0.08834155174327225
R:A:ALA:98,2.987497502497502,0.9240740681138043,0.029207187874508888,0.6551878121878123,0.9038428341379303,0.028567739726296455,7.495653346653346,1.7283978094534733,0.0546294299174946,-2.2065444555444556,0.856680579129159,0.027077083414039634,0.0,0.0,0.0,8.931794205794205,2.3220907291842665,0.07339426841332769
R:A:ARG:99,4.264963036963037,0.9282238007119616,0.02933834837755249,0.6604075924075924,0.7305789499432607,0.023091392112873723,6.13444955044955,1.673347023017896,0.05288944097337746,-2.8936263736263736,1.2346222896358507,0.039022678388816845,0.0,0.0,0.0,8.166193806193807,2.3915951755715015,0.07559109385599956
R:A:SER:102,3.7088771228771225,0.8821158481268757,0.027881015377817557,0.3986533466533467,0.6884083618308614,0.021758507301711933,1.9465484515484517,1.98488039733088,0.06273606918935119,-3.102181818181818,1.6001766651059317,0.050576747149231965,0.0,0.0,0.0,2.951897102897103,2.78430422070096,0.08800343963746618
R:A:ALA:107,3.3462347652347653,0.9155794286352384,0.028938697999359466,0.010294705294705294,0.6142918602524094,0.01941590873640236,7.996317682317683,1.2654950111927228,0.03999847179090798,-1.680111888111888,1.2475918067029692,0.03943260561726313,0.0,0.0,0.0,9.672735264735264,2.091316121302192,0.06610018067549521
R:A:HSD:108,0.0,0.0,0.0,0.0,0.0,0.0,0.0,0.0,0.0,0.0,0.0,0.0,0.0,0.0,0.0,0.0,0.0,0.0
R:A:VAL:109,3.5495464535464536,0.8752231387179858,0.027663157669635393,0.39031468531468533,0.8564876606007611,0.02707098584253772,-0.627046953046953,2.9734729505085125,0.09398249134135077,-0.508955044955045,0.8924090984397486,0.028206353904350476,0.0,0.0,0.0,2.803859140859141,3.3372926215261036,0.1054817313379266
R:A:THR:110,4.466867132867133,0.8811535993588225,0.027850601603077715,0.19222577422577422,0.7174153693383367,0.022675331122639437,-4.78293006993007,1.3546769273621544,0.042817242569624936,-1.7574835164835163,0.9809441607611978,0.03100467958833175,0.0,0.0,0.0,-1.8813206793206794,2.022008284326434,0.06390956946198208
R:A:HSD:163,0.0,0.0,0.0,0.0,0.0,0.0,0.0,0.0,0.0,0.0,0.0,0.0,0.0,0.0,0.0,0.0,0.0,0.0
R:A:ASP:167,4.1470489510489505,0.8897167014238891,0.028121255373628272,-0.5091678321678321,0.6805706072500803,0.021510779572459202,4.43198101898102,1.0325426056134215,0.032635550451213476,1.5493316683316685,0.6566789813916023,0.02075563750197519,0.0,0.0,0.0,9.619193806193806,1.6589586122787439,0.052434666805185715
R:A:LYS:186,3.9480729270729267,0.8455434985075901,0.0267250739622955,-0.05499300699300699,0.6992254705689407,0.022100403409474112,3.0172237762237764,1.8764982308182072,0.05931043653844979,0.4404625374625375,1.0966094703743172,0.03466051037614861,0.0,0.0,0.0,7.350766233766234,2.4346782143312726,0.07695281847384308

Ligand:
Total Energy Decomposition:
Residue,Internal,,,van der Waals,,,Electrostatic,,,Polar Solvation,,,Non-Polar Solv.,,,TOTAL,,
,Avg.,Std. Dev.,Std. Err. of Mean,Avg.,Std. Dev.,Std. Err. of Mean,Avg.,Std. Dev.,Std. Err. of Mean,Avg.,Std. Dev.,Std. Err. of Mean,Avg.,Std. Dev.,Std. Err. of Mean,Avg.,Std. Dev.,Std. Err. of Mean
L:B:LIG:194,109.82737062937062,6.237231326548313,0.19714002746891657,13.610983016983019,2.584765132448472,0.0816966122520873,63.31308391608391,3.7743119550743063,0.11929459138905732,-33.048607392607394,2.406577965327966,0.07606465454815765,0.0,0.0,0.0,153.70283016983018,8.10068599861863,0.25603819654521426

Sidechain Energy Decomposition:
Residue,Internal,,,van der Waals,,,Electrostatic,,,Polar Solvation,,,Non-Polar Solv.,,,TOTAL,,
,Avg.,Std. Dev.,Std. Err. of Mean,Avg.,Std. Dev.,Std. Err. of Mean,Avg.,Std. Dev.,Std. Err. of Mean,Avg.,Std. Dev.,Std. Err. of Mean,Avg.,Std. Dev.,Std. Err. of Mean,Avg.,Std. Dev.,Std. Err. of Mean
L:B:LIG:194,109.82737062937062,6.237231326548313,0.19714002746891657,13.610983016983019,2.584765132448472,0.0816966122520873,63.31308391608391,3.7743119550743063,0.11929459138905732,-33.048607392607394,2.406577965327966,0.07606465454815765,0.0,0.0,0.0,153.70283016983018,8.10068599861863,0.25603819654521426

Backbone Energy Decomposition:
Residue,Internal,,,van der Waals,,,Electrostatic,,,Polar Solvation,,,Non-Polar Solv.,,,TOTAL,,
,Avg.,Std. Dev.,Std. Err. of Mean,Avg.,Std. Dev.,Std. Err. of Mean,Avg.,Std. Dev.,Std. Err. of Mean,Avg.,Std. Dev.,Std. Err. of Mean,Avg.,Std. Dev.,Std. Err. of Mean,Avg.,Std. Dev.,Std. Err. of Mean
L:B:LIG:194,0.0,0.0,0.0,0.0,0.0,0.0,0.0,0.0,0.0,0.0,0.0,0.0,0.0,0.0,0.0,0.0,0.0,0.0

DELTAS:
Total Energy Decomposition:
Residue,Internal,,,van der Waals,,,Electrostatic,,,Polar Solvation,,,Non-Polar Solv.,,,TOTAL,,
,Avg.,Std. Dev.,Std. Err. of Mean,Avg.,Std. Dev.,Std. Err. of Mean,Avg.,Std. Dev.,Std. Err. of Mean,Avg.,Std. Dev.,Std. Err. of Mean,Avg.,Std. Dev.,Std. Err. of Mean,Avg.,Std. Dev.,Std. Err. of Mean
R:A:GLN:19,0.0,4.112558329482659,0.12998553678630392,-0.11367332667332665,2.42281067371001,0.07657772138964389,0.03429870129870133,6.115358796554916,0.19328800520892117,0.015214785214785214,3.4026462855919286,0.1075473630989761,0.0,0.0,0.0,-0.0641598401598402,8.471054393019472,0.26774442189155023
R:A:LYS:22,0.0,4.123199256155827,0.13032186431158171,-0.0916753246753247,2.0936221173482883,0.06617306623962936,0.4318711288711289,18.031860207953617,0.5699325919788947,0.09564735264735268,15.72472314412636,0.49701096372349957,0.0,0.0,0.0,0.43584315684315683,24.367989785676173,0.7701984942041524
R:A:PHE:24,0.0,4.26099055101977,0.13467703060769662,-2.449503496503497,2.510363906144786,0.07934501439891825,-0.10177022977022977,1.967800825784965,0.06219623556326981,0.6697712287712289,0.6600188891244432,0.020861201889076458,0.0,0.0,0.0,-1.8815024975024974,5.36337882692574,0.16952019155773024
R:A:ASP:49,0.0,3.374133988802318,0.10664617558836048,-0.005010989010989011,1.6301001501418604,0.05152253805437918,-0.18400199800199785,11.646809797593113,0.36812045011859285,0.1273116883116883,12.580133549781387,0.3976199925454747,0.0,0.0,0.0,-0.06170129870129879,17.548502650241407,0.5546551207395161
R:A:VAL:51,0.0,3.462786829144293,0.10944822387953494,-0.028915084915084932,1.844661936418432,0.0583041875116154,-0.019538461538461532,2.7396991976199554,0.08659360969609263,-0.01714485514485514,1.2116119807778722,0.038295392084552016,0.0,0.0,0.0,-0.06559840159840151,4.936357520395995,0.15602333891723766
R:A:MET:53,0.0,3.902994813024288,0.12336186752856151,-0.49282017982017984,1.7435234130622725,0.05510750452380759,-0.021766233766233736,2.5723996686408386,0.0813057773211578,0.14917082917082916,1.3195313748261728,0.04170639789678707,0.0,0.0,0.0,-0.36541558441558447,5.1605857716702035,0.1631105161119253
R:A:ARG:62,0.0,5.650887384652407,0.17860746794694027,-0.7636093906093907,1.9665473493737355,0.06215661696309226,-3.3930279720279715,11.163993725274668,0.35286009359563436,4.5231438561438555,9.596043304963843,0.30330192062643735,0.0,0.0,0.0,0.3665064935064946,15.890835085673318,0.502261260049707
R:A:PHE:64,0.0,4.266721891050454,0.13485818094058127,-1.9201658341658339,2.405559665692846,0.07603246917494813,-0.06287412587412587,1.7870458261811508,0.056483116436941073,0.6008531468531468,0.7643062358633603,0.02415740966531554,0.0,0.0,0.0,-1.3821868131868134,5.269661261203469,0.1665580626076352
R:A:PHE:66,0.0,4.142543908758238,0.1309332903026595,-0.7807092907092907,2.454735314905468,0.07758676279162291,0.032827172827172825,2.0959393090364244,0.06624630566416466,0.2407922077922078,0.7173360860087543,0.022672825216259924,0.0,0.0,0.0,-0.5070899100899102,5.300370567204567,0.16752869093800338
R:A:LYS:94,0.0,4.109473298258429,0.129888028275164,-0.9997852147852149,2.136713505771866,0.0675350547651053,0.30192407592407583,21.399729361587003,0.6763807550657732,0.9935974025974027,19.326643278518784,0.6108567707905795,0.0,0.0,0.0,0.2957362637362637,29.204809065616764,0.9230757302385193
R:A:ARG:95,0.0,5.531065888718687,0.1748202726734226,-0.2200839160839161,2.349678846932039,0.07426624541816669,-0.5595564435564435,25.866583137427526,0.8175644998982992,0.5335944055944055,14.2173501556369,0.4493674602523584,0.0,0.0,0.0,-0.24604595404595508,30.12186662878823,0.9520611476022599
R:A:ALA:96,0.0,3.1955722371694466,0.10100237840034074,-0.38963636363636367,1.1826081682496106,0.03737866924725923,-0.18848351648351644,2.7934536525185365,0.08829262551905512,0.3236743256743257,1.9472276374339377,0.06154597927096564,0.0,0.0,0.0,-0.2544455544455544,4.817190341198336,0.152256824617788
R:A:VAL:97,0.0,3.735190700836464,0.11805808680372319,-0.6285264735264735,1.7487506701888982,0.05527272231990629,-0.4366033966033966,3.2049298949492315,0.10129814567514091,0.465931068931069,1.7079133426798347,0.05398197784605187,0.0,0.0,0.0,-0.5991988011988013,5.495300000522666,0.17368982106560707
R:A:ALA:98,0.0,3.188176056832294,0.10076860749807755,-0.08215384615384615,1.43359530828843,0.04531161402533591,-0.04994505494505495,3.2814783295249246,0.10371761029091073,0.038007992007992,1.8340839338011956,0.0579698488255301,0.0,0.0,0.0,-0.094090909090909,5.133383482721184,0.16225073398907838
R:A:ARG:99,0.0,5.933638569676975,0.18754437816627947,-0.6221138861138861,2.2433384219381693,0.07090514604461673,0.21924575424575393,13.381898188059633,0.42296134907669863,0.6756453546453548,11.292114244233815,0.3569095958995541,0.0,0.0,0.0,0.27277722277722377,18.623310048735274,0.5886265335298341
R:A:SER:102,0.0,3.2059825062018077,0.10133141553485635,-0.15633866133866134,1.7334811937108094,0.054790100327113817,-0.0996023976023976,4.695093943332702,0.14839772657108985,0.20830669330669332,4.19990245262818,0.13274622048306936,0.0,0.0,0.0,-0.04763436563436562,7.277799710580988,0.2300292485145325
R:A:ALA:107,0.0,3.2403231480976866,0.10241681941555549,-0.19969630369630367,1.2922079614054176,0.04084278739554033,0.05692807192807194,2.607266694299985,0.08240781860138838,0.08138561438561438,2.008151269533205,0.06347159111326399,0.0,0.0,0.0,-0.061382617382617355,4.795832217264387,0.15158175888451922
R:A:HSD:108,0.0,3.8073177846610715,0.12033780588772017,-1.8284495504495502,2.137405103195716,0.06755691406901711,-0.4612787212787212,4.738129568715099,0.14975795259540228,2.1486333666333666,4.519709367723754,0.14285435031278038,0.0,0.0,0.0,-0.14109490509490513,7.870312183591307,0.24875677665794857
R:A:VAL:109,0.0,3.686788494987616,0.116528239393706,-0.22694405594405595,1.9685055525137172,0.062218509844820497,0.022261738261738266,4.4960133828455415,0.142105391862272,-0.008507492507492501,1.4599266787005878,0.04614386904596534,0.0,0.0,0.0,-0.2131898101898103,6.3097500555060275,0.19943212527165213
R:A:THR:110,0.0,3.6947741367592077,0.11678064139000645,-0.14061638361638362,1.9151194965164549,0.06053113799748167,-0.07496103896103896,4.454743888693175,0.1408009879072357,0.17078521478521477,2.734474955273988,0.08642848718809705,0.0,0.0,0.0,-0.04479220779220787,6.681402173381876,0.21117892523641663
R:A:HSD:163,0.0,3.9682221910882145,0.12542350777084577,-0.019702297702297703,1.902184861469134,0.060122313284235,-0.0018741258741258931,6.379008520478212,0.20162117598538082,0.002605394605394613,3.691402238139868,0.11667406586768941,0.0,0.0,0.0,-0.018971028971028973,8.583897412779638,0.27131104862872235
R:A:ASP:167,0.0,3.771009858000689,0.11919022208259483,-0.03475524475524475,1.9984134489518888,0.06316380804151597,-0.7418971028971028,12.25650495152663,0.38739107086381297,1.0307382617382614,11.972201581389466,0.37840510076522393,0.0,0.0,0.0,0.25408591408591413,17.65700133075578,0.5580844360457966
R:A:LYS:186,0.0,3.9549201570773636,0.12500307068698618,-0.04034165834165834,2.032566063801067,0.064243268955663,0.39797802197802196,13.500770020410643,0.4267185283551409,0.19247152847152843,10.912965794442693,0.34492585954389404,0.0,0.0,0.0,0.550107892107892,17.92027711357354,0.5664057876743109
L:B:LIG:194,0.0,8.820777133662956,0.27879810053314635,-14.401416583416582,4.699221265065672,0.14852817873443155,-6.107153846153846,6.805845303689924,0.21511219640159288,14.324797202797201,4.9500376301702245,0.15645572583307807,0.0,0.0,0.0,-6.183773226773227,13.065649336242576,0.412965678871417

Sidechain Energy Decomposition:
Residue,Internal,,,van der Waals,,,Electrostatic,,,Polar Solvation,,,Non-Polar Solv.,,,TOTAL,,
,Avg.,Std. Dev.,Std. Err. of Mean,Avg.,Std. Dev.,Std. Err. of Mean,Avg.,Std. Dev.,Std. Err. of Mean,Avg.,Std. Dev.,Std. Err. of Mean,Avg.,Std. Dev.,Std. Err. of Mean,Avg.,Std. Dev.,Std. Err. of Mean
R:A:GLN:19,0.0,3.664729467883868,0.11583102023002667,-0.10667732267732269,2.04311970305019,0.06457683758933119,0.06370529470529465,6.0145359234978,0.1901012989728749,0.023058941058941056,3.2998070348910558,0.10429692526099513,0.0,0.0,0.0,-0.019913086913087043,8.04163845471371,0.25417188217944103
R:A:LYS:22,0.0,3.721862191867308,0.11763681292646373,-0.07915284715284715,1.8780945041929262,0.05936088991438929,0.4744775224775225,17.936748223626978,0.5669263896719565,0.07474825174825168,15.703304149058223,0.4963339740376888,0.0,0.0,0.0,0.470072927072927,24.20124367005848,0.7649281535526381
R:A:PHE:24,0.0,4.024745483308599,0.12721003817152704,-2.3794245754245753,2.137979674492213,0.06757507453080598,-0.1076923076923077,1.3254682047986568,0.04189404314554866,0.6526033966033967,0.49553963651130994,0.015662509924549914,0.0,0.0,0.0,-1.8345134865134862,4.771997358260033,0.1508284110426914
R:A:ASP:49,0.0,2.947561823365571,0.09316351894009194,-0.00385914085914085,1.3683646656005166,0.0432498705981562,-0.17507192807192826,12.09085960049724,0.3821555220533917,0.13210289710289697,13.133762199154233,0.41511852056709636,0.0,0.0,0.0,-0.046828171828172185,18.145113335096454,0.5735121809707039
R:A:VAL:51,0.0,3.03990463068835,0.09608219593298838,-0.022767232767232748,1.2332925648201112,0.038980649807066926,0.001591408591408603,1.1672483442425734,0.036893191642191674,0.00827172827172827,0.516751938590809,0.01633296666980993,0.0,0.0,0.0,-0.012904095904095936,3.520160788557168,0.1112616412986567
R:A:MET:53,0.0,3.499711558724585,0.11061530296040165,-0.4722527472527473,1.4582438334822967,0.04609067939575183,-0.0486153846153846,1.6288930377322894,0.05148438488013855,0.17389710289710292,1.0114191376651211,0.03196790148430058,0.0,0.0,0.0,-0.34697102897102894,4.248613570633083,0.13428583167251715
R:A:ARG:62,0.0,5.457337724673696,0.17248994828362546,-0.6866093906093906,1.8232238872542637,0.05762659558342842,-3.4334295704295696,11.229526744108489,0.35493139421872183,4.368957042957044,9.693814836845082,0.30639218319192923,0.0,0.0,0.0,0.24891808191808235,15.91159945988733,0.5029175591491971
R:A:PHE:64,0.0,3.9259325775563645,0.12408686092598158,-1.8805694305694307,2.207509283763255,0.06977269529616917,-0.1142147852147852,1.2269134899192349,0.03877902653299783,0.6181698301698302,0.5565306981197736,0.017590253009798745,0.0,0.0,0.0,-1.3766143856143855,4.701179317055966,0.1485900668387751
R:A:PHE:66,0.0,3.9525266379158417,0.12492741878175037,-0.7736413586413586,2.2991627534051045,0.07266958440879646,0.003607392607392621,1.5311341429088028,0.048394521733841185,0.22718281718281721,0.6121976019720882,0.019349715562974233,0.0,0.0,0.0,-0.5428511488511488,4.860840859102578,0.15363648553593398
R:A:LYS:94,0.0,3.8271702459792,0.12096528217722749,-0.8865734265734265,1.8239397612811075,0.057649222197374186,0.29516883116883125,20.971772597746025,0.6628543354475019,1.0256703296703298,18.668417615528643,0.590052247358797,0.0,0.0,0.0,0.43426573426573445,28.395405447076147,0.8974929286333652
R:A:ARG:95,0.0,5.198616097072873,0.1643125397345898,-0.16930669330669332,2.135660070320214,0.0675017588549486,0.36332867132867097,25.727070359612302,0.8131549227300304,-0.2615084915084915,14.00477135269166,0.44264848690379005,0.0,0.0,0.0,-0.06748651348651337,29.826203633555515,0.9427161340938424
R:A:ALA:96,0.0,2.5317903228159224,0.08002223865916479,-0.26067532467532467,0.7562277290375508,0.02390207248537656,-0.16039460539460537,1.3359715126158476,0.04222602095480227,0.1711178821178821,0.6389752119977608,0.020196074868832205,0.0,0.0,0.0,-0.24995204795204795,3.0290182932657075,0.09573811171578117
R:A:VAL:97,0.0,3.30794265392556,0.10455406758520429,-0.5416833166833166,1.253072189625666,0.03960582395459207,-0.3033026973026973,1.2627892715384583,0.039912951539719764,0.2727202797202797,0.6537047338012267,0.02066163052660933,0.0,0.0,0.0,-0.5722657342657341,3.812432443648032,0.12049946479700123
R:A:ALA:98,0.0,2.5309854961656373,0.0799968005216903,-0.04787212787212788,0.7379006185111102,0.023322807923353683,-0.028666333666333643,1.4921573324455277,0.047162582579576555,0.008505494505494504,0.8711035324931198,0.027532949370181373,0.0,0.0,0.0,-0.06803296703296709,3.152100850812493,0.09962837928890095
R:A:ARG:99,0.0,5.60699869779826,0.17722027922825773,-0.6039710289710291,1.953346000719368,0.061739362238985525,0.2381158841158839,13.044943071945912,0.4123112164507516,0.6316563436563437,11.171169076547711,0.35308688475873357,0.0,0.0,0.0,0.2658011988011984,18.171944125017642,0.5743602211322996
R:A:SER:102,0.0,2.728158394672664,0.08622883980205995,-0.126025974025974,1.1593725738068175,0.036644262346682756,-0.15146053946053947,3.3310586213357025,0.10528469343690378,0.2142117882117882,3.162828895990542,0.0999674603667642,0.0,0.0,0.0,-0.06327472527472543,5.466848375015173,0.1727905511908137
R:A:ALA:107,0.0,2.594458387903831,0.08200298675492142,-0.06800699300699299,0.8303246456697342,0.02624405202973866,0.026532467532467536,1.557094870313063,0.04921506184942179,-0.01986213786213786,0.7216551474673453,0.022809337692711196,0.0,0.0,0.0,-0.06133666333666332,3.2196248121159217,0.10176260758495723
R:A:HSD:108,0.0,3.8073177846610715,0.12033780588772017,-1.8284495504495502,2.137405103195716,0.06755691406901711,-0.4612787212787212,4.738129568715099,0.14975795259540228,2.1486333666333666,4.519709367723754,0.14285435031278038,0.0,0.0,0.0,-0.14109490509490513,7.870312183591307,0.24875677665794857
R:A:VAL:109,0.0,3.2798315372986715,0.10366556016678959,-0.16367232767232767,1.5076749875156024,0.047653048747433216,0.004549450549450537,1.4015608223184413,0.04429910076208789,0.02331168831168831,0.6858825883335403,0.02167867523671817,0.0,0.0,0.0,-0.13581118881118873,3.9325801256523936,0.12429696982617165
R:A:THR:110,0.0,3.260812751622196,0.10306443384416517,-0.1272047952047952,1.3665787963761853,0.04319342467054694,-0.07993306693306694,4.326470393013535,0.13674665047162027,0.1566833166833167,2.4822204743022778,0.0784554855942247,0.0,0.0,0.0,-0.05045454545454541,6.113935062831059,0.1932430052897688
R:A:HSD:163,0.0,3.9682221910882145,0.12542350777084577,-0.019702297702297703,1.902184861469134,0.060122313284235,-0.0018741258741258931,6.379008520478212,0.20162117598538082,0.002605394605394613,3.691402238139868,0.11667406586768941,0.0,0.0,0.0,-0.018971028971028973,8.583897412779638,0.27131104862872235
R:A:ASP:167,0.0,3.225367826994552,0.1019441269244931,-0.0309030969030969,1.7908101603431317,0.0566020956604527,-0.7300409590409592,12.424283548166464,0.3926940451193113,1.0429000999001,12.204114355672276,0.38573516250237727,0.0,0.0,0.0,0.2819560439560436,17.80205683457296,0.5626692020276703
R:A:LYS:186,0.0,3.548369943446095,0.11215324741017085,-0.03952447552447553,1.7744242734644884,0.056084187309738055,0.3994505494505494,13.095905101817968,0.4139219721599532,0.18628371628371634,10.770662470123707,0.3404280816362903,0.0,0.0,0.0,0.5462097902097901,17.414057862513403,0.5504057274176847
L:B:LIG:194,0.0,8.820777133662956,0.27879810053314635,-14.401416583416582,4.699221265065672,0.14852817873443155,-6.107153846153846,6.805845303689924,0.21511219640159288,14.324797202797201,4.9500376301702245,0.15645572583307807,0.0,0.0,0.0,-6.183773226773227,13.065649336242576,0.412965678871417

Backbone Energy Decomposition:
Residue,Internal,,,van der Waals,,,Electrostatic,,,Polar Solvation,,,Non-Polar Solv.,,,TOTAL,,
,Avg.,Std. Dev.,Std. Err. of Mean,Avg.,Std. Dev.,Std. Err. of Mean,Avg.,Std. Dev.,Std. Err. of Mean,Avg.,Std. Dev.,Std. Err. of Mean,Avg.,Std. Dev.,Std. Err. of Mean,Avg.,Std. Dev.,Std. Err. of Mean
R:A:GLN:19,0.0,1.3060434074006075,0.041280084019753534,-0.006990009990009993,1.01934230963442,0.03221832899899289,-0.02940659340659341,1.465651015170583,0.04632479801746794,-0.007853146853146855,0.8865012701871392,0.028019625312283716,0.0,0.0,0.0,-0.044249750249750176,2.383028645765593,0.07532033174492284
R:A:LYS:22,0.0,1.1733318935286488,0.03708547424493251,-0.0124965034965035,0.7001497389932516,0.022129616740360486,-0.04263236763236765,1.40603491357911,0.04444051326193736,0.02092807192807193,0.605823717253501,0.019148256334877694,0.0,0.0,0.0,-0.0342007992007992,2.0520414089326042,0.06485882574251102
R:A:PHE:24,0.0,1.1545046504847998,0.03649040200590392,-0.07008091908091908,1.150731991677707,0.0363711596655252,0.005911088911088912,1.3078695360885275,0.041337802427304976,0.017196803196803195,0.629962448099316,0.019911208647028385,0.0,0.0,0.0,-0.046973026973026966,2.1827598388520153,0.06899044015856112
R:A:ASP:49,0.0,1.2379400630132198,0.03912754317585243,-0.0011318681318681345,0.6798463497705551,0.021487887982916832,-0.008926073926073915,2.0639959995272243,0.06523667421322138,-0.0048211788211788165,0.9469906509584463,0.02993151178282007,0.0,0.0,0.0,-0.014879120879120853,2.6742395999567075,0.08452462969425928
R:A:VAL:51,0.0,1.2253128672461981,0.038728435688886155,-0.006145854145854145,1.059977153439077,0.033502673575046694,-0.02110789210789212,2.1223894927569047,0.06708231601430491,-0.025382617382617382,1.038765357411872,0.032832232824569936,0.0,0.0,0.0,-0.05263636363636364,2.8650504036012756,0.09055558238824461
R:A:MET:53,0.0,1.2037406088098677,0.038046601811312426,-0.020554445554445556,0.9750235032190298,0.030817545501204188,0.026841158841158834,1.6303505786640768,0.05153045334293656,-0.024742257742257738,0.8149557566044119,0.02575828790558182,0.0,0.0,0.0,-0.018455544455544468,2.39204058905789,0.07560517202984697
R:A:ARG:62,0.0,1.1779974900926506,0.0372329396485117,-0.07701398601398601,0.6483338226793312,0.020491872261977264,0.04040359640359638,1.1656035684351793,0.03684120525097515,0.15418381618381619,0.8558575569394137,0.027051070170566797,0.0,0.0,0.0,0.11757342657342651,1.974623677770958,0.06241188528948886
R:A:PHE:64,0.0,1.188623680537233,0.0375688014061506,-0.03961338661338662,0.7718952534658259,0.024397275570600167,0.05135164835164834,1.157475791247982,0.03658431078385395,-0.01732267732267732,0.5542416721304138,0.017517903817858612,0.0,0.0,0.0,-0.005584415584415582,1.9119577858070007,0.060431205879611115
R:A:PHE:66,0.0,1.1162341615532376,0.03528078754009058,-0.007068931068931065,0.7589723848711,0.02398882275935077,0.0291988011988012,1.184407510044221,0.03743554100208828,0.013595404595404599,0.5504307511598017,0.017397452126155188,0.0,0.0,0.0,0.035725274725274724,1.8782473069558439,0.05936571954781185
R:A:LYS:94,0.0,1.264131837446477,0.0399553859895788,-0.1131978021978022,0.9852235632532099,0.03113993856473606,0.006765234765234771,1.6329790446514916,0.05161353120710915,-0.0320989010989011,1.274071300603807,0.04026954237360163,0.0,0.0,0.0,-0.1385314685314685,2.6188877431704345,0.08277512482647365
R:A:ARG:95,0.0,1.2341561037121889,0.03900794366102101,-0.05075224775224775,1.0211771679500607,0.03227632332368746,-0.9228591408591408,1.791093160953628,0.056611040454257196,0.7951088911088912,1.343579409199442,0.04246648356761039,0.0,0.0,0.0,-0.1785024975024975,2.753028230278821,0.08701490012560072
R:A:ALA:96,0.0,1.3172735684807122,0.041635035463415536,-0.12896103896103897,0.9050027898259567,0.028604402419120902,-0.02811788211788214,1.8864385678634974,0.05962462054342933,0.15253446553446554,1.5774025286395814,0.04985692554033202,0.0,0.0,0.0,-0.00454445554445551,2.9327613117149682,0.09269571950784472
R:A:VAL:97,0.0,1.259561607909798,0.03981093484944468,-0.08687112887112887,1.1333747733780577,0.035822550464867174,-0.1332877122877123,2.9911393630062544,0.09454087323593562,0.1931928071928072,1.7116082704317328,0.05409876334275204,0.0,0.0,0.0,-0.026966033966033948,3.840254077712287,0.12137882254669892
R:A:ALA:98,0.0,1.3068380797638213,0.04130520121090948,-0.03431868131868132,1.2801923855434578,0.04046301136488403,-0.02127672327672327,2.4386835563959584,0.07707941522860727,0.0294985014985015,1.2047874664514582,0.03807968981677741,0.0,0.0,0.0,-0.02609690309690309,3.278019011274768,0.10360827169832769
R:A:ARG:99,0.0,1.3127066878843572,0.04149069017316142,-0.01812687312687312,1.0344881826392023,0.032697044259639776,-0.01884715284715285,2.36894316979425,0.07487513242898854,0.04397402597402598,1.7583195538999992,0.05557516580787249,0.0,0.0,0.0,0.007000000000000041,3.390714385461919,0.1071702318052602
R:A:SER:102,0.0,1.247500196005273,0.03942971008004241,-0.030317682317682313,0.9802396473117735,0.03098241204789589,0.05185714285714285,2.80301319872678,0.08859477387678269,-0.00590109890109889,2.2748150767465867,0.07190002795113647,0.0,0.0,0.0,0.015638361638361648,3.9431958017355946,0.12463249925663154
R:A:ALA:107,0.0,1.2948248454057636,0.04092549918811331,-0.1317292707292707,0.8745371340470036,0.0276414751357352,0.030449550449550437,1.7883554368675385,0.05652450927186595,0.10124275724275723,1.7389975212592252,0.054964454765403355,0.0,0.0,0.0,-3.696303696308569e-05,2.943418782067312,0.09303256992881073
R:A:HSD:108,0.0,0.0,0.0,0.0,0.0,0.0,0.0,0.0,0.0,0.0,0.0,0.0,0.0,0.0,0.0,0.0,0.0,0.0
R:A:VAL:109,0.0,1.2377524328777243,0.03912161275446368,-0.06332467532467531,1.2193096308150886,0.03853869153271001,0.01770529470529471,4.198226096530351,0.13269323593433743,-0.03183016983016983,1.2558752816562346,0.03969442122010507,0.0,0.0,0.0,-0.07744955044955044,4.713923221856371,0.14899286314548243
R:A:THR:110,0.0,1.2461393707471153,0.03938669850732236,-0.0134055944055944,1.0125168602127954,0.03200259717568542,0.004991008991008992,1.9157107721743873,0.06054982643363929,0.014143856143856149,1.3848740117660674,0.04377168112372022,0.0,0.0,0.0,0.005729270729270727,2.857599957067333,0.09032009629554424
R:A:HSD:163,0.0,0.0,0.0,0.0,0.0,0.0,0.0,0.0,0.0,0.0,0.0,0.0,0.0,0.0,0.0,0.0,0.0,0.0
R:A:ASP:167,0.0,1.2582494258235177,0.039769460740342384,-0.0038621378621378623,0.9626489930505686,0.030426424642155524,-0.01186513486513486,1.463580441754848,0.0462593534510115,-0.012152847152847155,0.9303555102763789,0.02940572527285798,0.0,0.0,0.0,-0.027880119880119916,2.3489388639118354,0.0742428567918208
R:A:LYS:186,0.0,1.1957790831658288,0.037794962052902364,-0.0008421578421578408,0.9889182370013069,0.03125671603314392,-0.0014665334665334648,2.653020910571981,0.08385397106558946,0.006158841158841156,1.5503179443646498,0.049000863706419075,0.0,0.0,0.0,0.003850149850149788,3.4423614824364246,0.1088026404146549
L:B:LIG:194,0.0,0.0,0.0,0.0,0.0,0.0,0.0,0.0,0.0,0.0,0.0,0.0,0.0,0.0,0.0,0.0,0.0,0.0

